The solution of the system of equations is: 
x1 = -1.749466 
x2 = 0.136930 
x3 = 1.052220 
x4 = -1.035503 
x5 = -2.069922 
x6 = -1.043088 
x7 = 0.059865 
x8 = 1.143860 
x9 = 1.131485 
x10 = 0.774901 
x11 = -1.600355 
x12 = 1.359027 
x13 = -0.796656 
x14 = -0.588403 
x15 = 0.185369 
x16 = -0.066747 
x17 = -0.550572 
x18 = -0.351898 
x19 = -0.213066 
x20 = -1.942897 
x21 = 1.429987 
x22 = 0.525153 
x23 = 1.662494 
x24 = -0.129258 
x25 = -1.375339 
x26 = -0.638310 
x27 = 0.650795 
x28 = -3.015641 
x29 = 0.166687 
x30 = 1.108777 
x31 = 0.375579 
x32 = -0.915523 
x33 = -0.370800 
x34 = 0.602049 
x35 = 0.672064 
x36 = 0.534116 
x37 = 0.807864 
x38 = -1.219427 
x39 = -0.913531 
x40 = -1.051935 
x41 = 0.858568 
x42 = 0.241346 
x43 = 0.415456 
x44 = -0.776124 
x45 = -0.297664 
x46 = 0.663482 
x47 = -1.258443 
x48 = 1.996567 
x49 = -0.073967 
x50 = -0.136931 
x51 = 0.366285 
x52 = -1.126214 
x53 = 1.606820 
x54 = -0.036027 
x55 = -0.063057 
x56 = 0.323949 
x57 = 1.648489 
x58 = -1.761704 
x59 = -2.234948 
x60 = 1.480044 
x61 = -1.259102 
x62 = 1.042162 
x63 = -1.206566 
x64 = -1.064756 
x65 = 0.071146 
x66 = -0.387150 
x67 = -2.080452 
x68 = 1.104087 
x69 = 0.880467 
x70 = 0.310381 
x71 = 1.125248 
x72 = -0.975761 
x73 = -1.052262 
x74 = 0.294607 
x75 = 0.302100 
x76 = -0.132719 
x77 = -0.131979 
x78 = -0.447186 
x79 = 0.327626 
x80 = 0.159600 
x81 = 0.966267 
x82 = 2.256600 
x83 = 0.114245 
x84 = 1.098285 
x85 = 0.653856 
x86 = -0.344027 
x87 = 0.575495 
x88 = -0.804908 
x89 = 1.181261 
x90 = 0.324853 
x91 = 1.594669 
x92 = 0.087353 
x93 = -0.203439 
x94 = 0.927868 
x95 = 0.419538 
x96 = 1.498910 
x97 = 0.952649 
x98 = -0.311215 
x99 = -0.203102 
x100 = -1.006969 
